0.083091
0.083766
0.084452
0.085147
0.085851
0.086564
0.087313
0.088100
0.088874
0.089657
0.090446
0.091241
0.092043
0.092851
0.093674
0.094507
0.095346
0.096189
0.097037
0.097889
0.098746
0.099592
0.10044
0.10130
0.10215
0.10301
0.10388
0.10474
0.10558
0.10642
0.10727
0.10812
0.10897
0.10983
0.11070
0.11159
0.11248
0.11338
0.11427
0.11517
0.11607
0.11696
0.11785
0.11874
0.11963
0.12053
0.12142
0.12231
0.12318
0.12406
0.12493
0.12580
0.12668
0.12756
0.12843
0.12929
0.13016
0.13103
0.13190
0.13277
0.13364
0.13449
0.13533
0.13618
0.13703
0.13787
0.13872
0.13957
0.14041
0.14124
0.14208
0.14292
0.14376
0.14460
0.14543
0.14624
0.14705
0.14787
0.14869
0.14950
0.15032
0.15112
0.15193
0.15273
0.15354
0.15435
0.15515
0.15596
0.15675
0.15755
0.15834
0.15914
0.15993
0.16073
0.16151
0.16228
0.16305
0.16382
0.16459
0.16536
0.16613
0.16689
0.16765
0.16841
0.16916
0.16992
0.17068
0.17144
0.17219
0.17293
0.17368
0.17443
0.17518
0.17593
0.17666
0.17738
0.17810
0.17882
0.17954
0.18026
0.18098
0.18171
0.18243
0.18315
0.18388
0.18460
0.18533
0.18604
0.18674
0.18743
0.18813
0.18883
0.18953
0.19022
0.19092
0.19162
0.19232
0.19302
0.19372
0.19442
0.19512
0.19579
0.19646
0.19713
0.19781
0.19848
0.19915
0.19985
0.20060
0.20134
0.20209
0.20284
0.20359
0.20434
0.20508
0.20582
0.20655
0.20729
0.20802
0.20876
0.20950
0.21023
0.21097
0.21171
0.21245
0.21318
0.21392
0.21466
0.21538
0.21611
0.21683
0.21756
0.21828
0.21901
0.21970
0.22038
0.22107
0.22175
0.22243
0.22311
0.22380
0.22451
0.22522
0.22593
0.22665
0.22736
0.22808
0.22878
0.22947
0.23015
0.23084
0.23152
0.23221
0.23289
0.23358
0.23427
0.23495
0.23564
0.23633
0.23701
0.23770
0.23831
0.23893
0.23954
0.24015
0.24077
0.24138
0.24202
0.24271
0.24340
0.24409
0.24478
0.24547
0.24616
0.24685
0.24754
0.24823
0.24893
0.24962
0.25031
0.25100
0.25169
0.25239
0.25308
0.25377
0.25447
0.25516
0.25585
0.25655
0.25724
0.25793
0.25863
0.25932
0.26002
0.26071
0.26141
0.26210
0.26280
0.26350
0.26419
0.26489
0.26558
0.26628
0.26698
0.26767
0.26837
0.26907
0.26977
0.27047
0.27116
0.27186
0.27256
0.27326
0.27396
0.27466
0.27536
0.27606
0.27676
0.27746
0.27816
0.27886
0.27956
0.28026
0.28096
0.28166
0.28236
0.28306
0.28376
0.28446
0.28517
0.28587
0.28657
0.28727
0.28798
0.28868
0.28938
0.29008
0.29079
0.29149
0.29220
0.29290
0.29360
0.29431
0.29501
0.29572
0.29642
0.29713
0.29783
0.29854
0.29924
0.29995
0.30066
0.30136
0.30207
0.30277
0.30348
0.30419
0.30490
0.30560
0.30631
0.30702
0.30773
0.30843
0.30914
0.30985
0.31056
0.31127
0.31198
0.31269
0.31339
0.31410
0.31481
0.31552
0.31623
0.31694
0.31765
0.31836
0.31907
0.31979
0.32050
0.32121
0.32192
0.32263
0.32334
0.32405
0.32477
0.32548
0.32619
0.32690
0.32761
0.32833
0.32904
0.32975
0.33047
0.33118
0.33189
0.33261
0.33332
0.33404
0.33475
0.33547
0.33618
0.33689
0.33761
0.33833
0.33904
0.33976
0.34047
0.34119
0.34190
0.34262
0.34334
0.34405
0.34477
0.34549
0.34620
0.34692
0.34764
0.34836
0.34907
0.34979
0.35051
0.35123
0.35195
0.35266
0.35338
0.35410
0.35482
0.35554
0.35626
0.35698
0.35770
0.35842
0.35914
0.35986
0.36058
0.36130
0.36202
0.36274
0.36346
0.36418
0.36490
0.36563
0.36635
0.36707
0.36779
0.36851
0.36923
0.36996
0.37068
0.37140
0.37213
0.37285
0.37357
0.37430
0.37502
0.37574
0.37647
0.37719
0.37791
0.37864
0.37936
0.38009
0.38081
0.38154
0.38226
0.38299
0.38371
0.38444
0.38517
0.38589
0.38662
0.38734
0.38807
0.38880
0.38952
0.39025
0.39098
0.39170
0.39243
0.39316
0.39389
0.39461
0.39534
0.39607
0.39680
0.39753
0.39826
0.39899
0.39971
0.40044
0.40117
0.40190
0.40263
0.40336
0.40409
0.40482
0.40555
0.40628
0.40701
0.40774
0.40847
0.40920
0.40994
0.41067
0.41140
0.41213
0.41286
0.41359
0.41433
0.41506
0.41579
0.41652
0.41726
0.41799
0.41872
0.41945
0.42019
0.42092
0.42165
0.42239
0.42312
0.42386
0.42459
0.42533
0.42606
0.42679
0.42753
0.42826
0.42900
0.42973
0.43047
0.43121
0.43194
0.43268
0.43341
0.43415
0.43489
0.43562
0.43636
0.43710
0.43783
0.43857
0.43931
0.44005
0.44078
0.44152
0.44226
0.44300
0.44373
0.44447
0.44521
0.44595
0.44669
0.44743
0.44817
0.44891
0.44965
0.45039
0.45113
0.45187
0.45261
0.45335
0.45409
0.45483
0.45557
0.45631
0.45705
0.45779
0.45853
0.45927
0.46001
0.46076
0.46150
0.46224
0.46298
0.46372
0.46447
0.46521
0.46595
0.46669
0.46744
0.46818
0.46892
0.46967
0.47041
0.47116
0.47190
0.47264
0.47339
0.47413
0.47488
0.47562
0.47637
0.47711
0.47786
0.47860
0.47935
0.48009
0.48084
0.48159
0.48233
0.48308
0.48382
0.48457
0.48532
0.48606
0.48681
0.48756
0.48831
0.48905
0.48980
0.49055
0.49130
0.49204
0.49279
0.49354
0.49429
0.49504
0.49579
0.49654
0.49729
0.49803
0.49878
0.49953
0.50028
0.50103
0.50178
0.50253
0.50328
0.50403
0.50478
0.50554
0.50629
0.50704
0.50779
0.50854
0.50929
0.51004
0.51079
0.51155
0.51230
0.51305
0.51380
0.51456
0.51531
0.51606
0.51681
0.51757
0.51832
0.51907
0.51983
0.52058
0.52134
0.52209
0.52284
0.52360
0.52435
0.52511
0.52586
0.52662