100.00	6.0000	7.1217	0.14042	812.58	1230.5	21.636	7.2568	12.901	881.14	0.73896	4.6901
101.50	6.0000	7.0025	0.14281	824.81	1249.8	21.828	7.2957	12.886	885.92	0.71443	4.7235
103.00	6.0000	6.8877	0.14519	837.04	1269.2	22.017	7.3352	12.874	890.65	0.69043	4.7572
104.50	6.0000	6.7771	0.14756	849.29	1288.5	22.203	7.3752	12.865	895.35	0.66699	4.7912
106.00	6.0000	6.6703	0.14992	861.55	1307.7	22.386	7.4156	12.859	900.00	0.64409	4.8253
107.50	6.0000	6.5672	0.15227	873.83	1327.0	22.567	7.4562	12.855	904.61	0.62172	4.8596
109.00	6.0000	6.4676	0.15462	886.13	1346.3	22.745	7.4972	12.854	909.18	0.59988	4.8941
110.50	6.0000	6.3712	0.15696	898.46	1365.6	22.920	7.5383	12.856	913.72	0.57857	4.9287
112.00	6.0000	6.2780	0.15929	910.81	1384.9	23.094	7.5797	12.859	918.23	0.55777	4.9635
113.50	6.0000	6.1878	0.16161	923.18	1404.2	23.265	7.6211	12.864	922.69	0.53747	4.9983
115.00	6.0000	6.1003	0.16393	935.59	1423.5	23.434	7.6626	12.871	927.13	0.51767	5.0333
116.50	6.0000	6.0155	0.16624	948.03	1442.8	23.601	7.7041	12.880	931.54	0.49836	5.0683
118.00	6.0000	5.9333	0.16854	960.50	1462.1	23.765	7.7456	12.890	935.91	0.47952	5.1034
119.50	6.0000	5.8535	0.17084	973.00	1481.5	23.928	7.7870	12.901	940.26	0.46115	5.1385
121.00	6.0000	5.7760	0.17313	985.54	1500.8	24.089	7.8283	12.914	944.58	0.44323	5.1737
122.50	6.0000	5.7007	0.17542	998.12	1520.2	24.249	7.8695	12.928	948.88	0.42575	5.2089
124.00	6.0000	5.6275	0.17770	1010.7	1539.6	24.406	7.9105	12.942	953.15	0.40871	5.2442
125.50	6.0000	5.5564	0.17997	1023.4	1559.0	24.562	7.9513	12.958	957.39	0.39209	5.2794
127.00	6.0000	5.4871	0.18224	1036.1	1578.5	24.716	7.9919	12.974	961.61	0.37587	5.3147
128.50	6.0000	5.4197	0.18451	1048.8	1598.0	24.868	8.0323	12.991	965.81	0.36006	5.3500
130.00	6.0000	5.3541	0.18677	1061.6	1617.5	25.019	8.0724	13.009	969.99	0.34463	5.3853
131.50	6.0000	5.2902	0.18903	1074.4	1637.0	25.168	8.1122	13.027	974.15	0.32958	5.4206
133.00	6.0000	5.2279	0.19128	1087.2	1656.5	25.316	8.1516	13.046	978.28	0.31490	5.4559
134.50	6.0000	5.1671	0.19353	1100.1	1676.1	25.463	8.1908	13.065	982.40	0.30057	5.4912
136.00	6.0000	5.1079	0.19578	1113.0	1695.7	25.608	8.2295	13.084	986.50	0.28659	5.5265
137.50	6.0000	5.0501	0.19802	1126.0	1715.4	25.751	8.2680	13.104	990.58	0.27294	5.5618
139.00	6.0000	4.9937	0.20025	1139.0	1735.0	25.894	8.3060	13.125	994.64	0.25963	5.5970
140.50	6.0000	4.9386	0.20249	1152.1	1754.7	26.035	8.3436	13.145	998.68	0.24663	5.6322
142.00	6.0000	4.8848	0.20472	1165.2	1774.5	26.174	8.3809	13.166	1002.7	0.23393	5.6674
143.50	6.0000	4.8322	0.20694	1178.3	1794.2	26.313	8.4177	13.186	1006.7	0.22154	5.7025
145.00	6.0000	4.7809	0.20917	1191.5	1814.0	26.450	8.4541	13.207	1010.7	0.20944	5.7376
146.50	6.0000	4.7307	0.21139	1204.7	1833.9	26.586	8.4901	13.228	1014.7	0.19761	5.7727
148.00	6.0000	4.6816	0.21360	1218.0	1853.7	26.721	8.5256	13.250	1018.7	0.18606	5.8078
149.50	6.0000	4.6336	0.21582	1231.3	1873.6	26.855	8.5607	13.271	1022.6	0.17478	5.8428
151.00	6.0000	4.5866	0.21803	1244.6	1893.5	26.987	8.5954	13.292	1026.5	0.16375	5.8778
152.50	6.0000	4.5406	0.22024	1258.0	1913.5	27.119	8.6296	13.313	1030.5	0.15297	5.9127
154.00	6.0000	4.4956	0.22244	1271.4	1933.5	27.249	8.6633	13.334	1034.4	0.14243	5.9476
155.50	6.0000	4.4515	0.22464	1284.9	1953.5	27.378	8.6966	13.355	1038.3	0.13213	5.9824
157.00	6.0000	4.4083	0.22684	1298.4	1973.5	27.507	8.7295	13.376	1042.1	0.12206	6.0172
158.50	6.0000	4.3660	0.22904	1311.9	1993.6	27.634	8.7618	13.397	1046.0	0.11220	6.0520
160.00	6.0000	4.3246	0.23124	1325.5	2013.7	27.760	8.7938	13.418	1049.9	0.10256	6.0867
161.50	6.0000	4.2840	0.23343	1339.1	2033.9	27.886	8.8252	13.438	1053.7	0.093135	6.1213
163.00	6.0000	4.2441	0.23562	1352.8	2054.0	28.010	8.8562	13.459	1057.5	0.083906	6.1559
164.50	6.0000	4.2051	0.23781	1366.5	2074.2	28.133	8.8867	13.479	1061.4	0.074874	6.1905
166.00	6.0000	4.1668	0.23999	1380.2	2094.5	28.256	8.9168	13.499	1065.2	0.066033	6.2250
167.50	6.0000	4.1292	0.24218	1394.0	2114.7	28.377	8.9464	13.519	1069.0	0.057376	6.2594
169.00	6.0000	4.0923	0.24436	1407.8	2135.0	28.498	8.9756	13.539	1072.7	0.048899	6.2938
170.50	6.0000	4.0562	0.24654	1421.6	2155.4	28.618	9.0043	13.559	1076.5	0.040597	6.3282
172.00	6.0000	4.0206	0.24872	1435.5	2175.7	28.737	9.0326	13.578	1080.3	0.032463	6.3625
173.50	6.0000	3.9858	0.25089	1449.4	2196.1	28.855	9.0604	13.598	1084.0	0.024495	6.3967
175.00	6.0000	3.9515	0.25307	1463.3	2216.5	28.972	9.0877	13.617	1087.8	0.016686	6.4309
176.50	6.0000	3.9179	0.25524	1477.3	2236.9	29.088	9.1147	13.635	1091.5	0.0090325	6.4651
178.00	6.0000	3.8849	0.25741	1491.3	2257.4	29.203	9.1411	13.654	1095.2	0.0015299	6.4992
179.50	6.0000	3.8524	0.25958	1505.3	2277.9	29.318	9.1672	13.672	1098.9	-0.0058259	6.5332
181.00	6.0000	3.8205	0.26174	1519.4	2298.4	29.432	9.1928	13.691	1102.6	-0.013039	6.5672
182.50	6.0000	3.7892	0.26391	1533.5	2319.0	29.545	9.2180	13.709	1106.3	-0.020114	6.6011
184.00	6.0000	3.7584	0.26607	1547.6	2339.6	29.657	9.2428	13.726	1110.0	-0.027054	6.6350
185.50	6.0000	3.7281	0.26824	1561.8	2360.2	29.769	9.2671	13.744	1113.6	-0.033862	6.6688
187.00	6.0000	3.6983	0.27040	1576.0	2380.8	29.880	9.2911	13.761	1117.3	-0.040544	6.7025
188.50	6.0000	3.6690	0.27256	1590.2	2401.4	29.990	9.3146	13.778	1120.9	-0.047101	6.7362
190.00	6.0000	3.6402	0.27471	1604.5	2422.1	30.099	9.3377	13.795	1124.6	-0.053537	6.7699
191.50	6.0000	3.6118	0.27687	1618.8	2442.8	30.207	9.3605	13.811	1128.2	-0.059856	6.8035
193.00	6.0000	3.5839	0.27902	1633.1	2463.6	30.315	9.3828	13.827	1131.8	-0.066061	6.8370
194.50	6.0000	3.5565	0.28118	1647.4	2484.3	30.422	9.4047	13.844	1135.4	-0.072154	6.8705
196.00	6.0000	3.5295	0.28333	1661.8	2505.1	30.529	9.4263	13.859	1139.0	-0.078139	6.9039
197.50	6.0000	3.5029	0.28548	1676.2	2525.9	30.634	9.4475	13.875	1142.6	-0.084019	6.9373
199.00	6.0000	3.4767	0.28763	1690.6	2546.7	30.739	9.4683	13.890	1146.2	-0.089796	6.9706
200.50	6.0000	3.4509	0.28978	1705.1	2567.6	30.844	9.4887	13.905	1149.8	-0.095472	7.0039
202.00	6.0000	3.4255	0.29193	1719.6	2588.4	30.948	9.5087	13.920	1153.3	-0.10105	7.0371
203.50	6.0000	3.4005	0.29407	1734.1	2609.3	31.051	9.5284	13.935	1156.9	-0.10654	7.0702
205.00	6.0000	3.3759	0.29622	1748.6	2630.2	31.153	9.5478	13.949	1160.4	-0.11193	7.1033
206.50	6.0000	3.3516	0.29836	1763.2	2651.2	31.255	9.5667	13.963	1164.0	-0.11723	7.1364
208.00	6.0000	3.3277	0.30050	1777.7	2672.1	31.356	9.5854	13.977	1167.5	-0.12244	7.1693
209.50	6.0000	3.3042	0.30265	1792.3	2693.1	31.456	9.6037	13.991	1171.0	-0.12757	7.2023
211.00	6.0000	3.2810	0.30479	1807.0	2714.1	31.556	9.6216	14.004	1174.5	-0.13261	7.2351
212.50	6.0000	3.2581	0.30693	1821.6	2735.1	31.655	9.6392	14.017	1178.0	-0.13758	7.2680
214.00	6.0000	3.2356	0.30907	1836.3	2756.1	31.754	9.6565	14.030	1181.5	-0.14246	7.3007
215.50	6.0000	3.2133	0.31120	1851.0	2777.2	31.852	9.6735	14.043	1185.0	-0.14726	7.3334
217.00	6.0000	3.1914	0.31334	1865.7	2798.3	31.950	9.6901	14.055	1188.5	-0.15199	7.3661
218.50	6.0000	3.1698	0.31547	1880.4	2819.4	32.046	9.7064	14.068	1192.0	-0.15665	7.3987
220.00	6.0000	3.1485	0.31761	1895.2	2840.5	32.143	9.7225	14.080	1195.4	-0.16123	7.4312
221.50	6.0000	3.1275	0.31974	1910.0	2861.6	32.238	9.7382	14.091	1198.9	-0.16574	7.4637
223.00	6.0000	3.1068	0.32188	1924.8	2882.7	32.334	9.7536	14.103	1202.3	-0.17019	7.4962
224.50	6.0000	3.0863	0.32401	1939.6	2903.9	32.428	9.7687	14.114	1205.8	-0.17456	7.5285
226.00	6.0000	3.0662	0.32614	1954.4	2925.1	32.522	9.7835	14.126	1209.2	-0.17887	7.5609
227.50	6.0000	3.0463	0.32827	1969.3	2946.3	32.616	9.7980	14.137	1212.6	-0.18312	7.5932
229.00	6.0000	3.0266	0.33040	1984.1	2967.5	32.709	9.8123	14.147	1216.0	-0.18730	7.6254
230.50	6.0000	3.0073	0.33253	1999.0	2988.7	32.801	9.8263	14.158	1219.4	-0.19143	7.6575
232.00	6.0000	2.9881	0.33466	2013.9	3010.0	32.893	9.8399	14.168	1222.8	-0.19549	7.6897
233.50	6.0000	2.9693	0.33678	2028.9	3031.2	32.984	9.8534	14.178	1226.2	-0.19949	7.7217
235.00	6.0000	2.9506	0.33891	2043.8	3052.5	33.075	9.8665	14.188	1229.6	-0.20344	7.7537
236.50	6.0000	2.9322	0.34104	2058.8	3073.8	33.165	9.8794	14.198	1233.0	-0.20733	7.7857
238.00	6.0000	2.9141	0.34316	2073.8	3095.1	33.255	9.8920	14.208	1236.4	-0.21117	7.8176
239.50	6.0000	2.8962	0.34529	2088.8	3116.4	33.344	9.9044	14.217	1239.7	-0.21495	7.8494
241.00	6.0000	2.8784	0.34741	2103.8	3137.8	33.433	9.9165	14.226	1243.1	-0.21868	7.8812
242.50	6.0000	2.8610	0.34953	2118.8	3159.1	33.522	9.9284	14.235	1246.4	-0.22236	7.9130
244.00	6.0000	2.8437	0.35165	2133.8	3180.5	33.609	9.9401	14.244	1249.8	-0.22599	7.9447
245.50	6.0000	2.8266	0.35378	2148.9	3201.8	33.697	9.9515	14.252	1253.1	-0.22956	7.9763
247.00	6.0000	2.8098	0.35590	2164.0	3223.2	33.783	9.9626	14.261	1256.4	-0.23310	8.0079
248.50	6.0000	2.7932	0.35802	2179.1	3244.6	33.870	9.9736	14.269	1259.7	-0.23658	8.0395
250.00	6.0000	2.7767	0.36014	2194.2	3266.0	33.956	9.9843	14.277	1263.0	-0.24002	8.0710
251.50	6.0000	2.7605	0.36226	2209.3	3287.4	34.041	9.9948	14.285	1266.3	-0.24341	8.1024
253.00	6.0000	2.7444	0.36437	2224.4	3308.9	34.126	10.005	14.293	1269.6	-0.24676	8.1338
254.50	6.0000	2.7286	0.36649	2239.5	3330.3	34.211	10.015	14.300	1272.9	-0.25007	8.1651
256.00	6.0000	2.7129	0.36861	2254.7	3351.8	34.295	10.025	14.308	1276.2	-0.25333	8.1964
257.50	6.0000	2.6974	0.37073	2269.9	3373.2	34.378	10.035	14.315	1279.5	-0.25655	8.2277
259.00	6.0000	2.6821	0.37284	2285.0	3394.7	34.461	10.044	14.322	1282.8	-0.25973	8.2589
260.50	6.0000	2.6670	0.37496	2300.2	3416.2	34.544	10.053	14.329	1286.0	-0.26287	8.2900
262.00	6.0000	2.6520	0.37707	2315.4	3437.7	34.627	10.062	14.336	1289.3	-0.26597	8.3211
263.50	6.0000	2.6372	0.37919	2330.6	3459.2	34.708	10.071	14.342	1292.5	-0.26904	8.3521
265.00	6.0000	2.6226	0.38130	2345.9	3480.7	34.790	10.080	14.349	1295.8	-0.27206	8.3831
266.50	6.0000	2.6081	0.38342	2361.1	3502.3	34.871	10.088	14.355	1299.0	-0.27505	8.4141
268.00	6.0000	2.5938	0.38553	2376.4	3523.8	34.951	10.096	14.361	1302.2	-0.27800	8.4450
269.50	6.0000	2.5797	0.38764	2391.6	3545.3	35.032	10.104	14.367	1305.5	-0.28092	8.4758
271.00	6.0000	2.5657	0.38975	2406.9	3566.9	35.111	10.112	14.373	1308.7	-0.28380	8.5066
272.50	6.0000	2.5519	0.39186	2422.2	3588.5	35.191	10.120	14.379	1311.9	-0.28665	8.5374
274.00	6.0000	2.5382	0.39398	2437.5	3610.0	35.270	10.128	14.384	1315.1	-0.28946	8.5681
275.50	6.0000	2.5247	0.39609	2452.8	3631.6	35.348	10.135	14.390	1318.3	-0.29224	8.5987
277.00	6.0000	2.5113	0.39820	2468.1	3653.2	35.426	10.142	14.395	1321.5	-0.29499	8.6293
278.50	6.0000	2.4981	0.40031	2483.4	3674.8	35.504	10.149	14.400	1324.7	-0.29771	8.6599
280.00	6.0000	2.4850	0.40242	2498.7	3696.4	35.581	10.156	14.405	1327.8	-0.30039	8.6904
281.50	6.0000	2.4720	0.40452	2514.0	3718.0	35.658	10.163	14.410	1331.0	-0.30305	8.7209
283.00	6.0000	2.4592	0.40663	2529.4	3739.6	35.735	10.170	14.415	1334.2	-0.30567	8.7513
284.50	6.0000	2.4465	0.40874	2544.7	3761.3	35.811	10.176	14.420	1337.3	-0.30827	8.7817
286.00	6.0000	2.4340	0.41085	2560.1	3782.9	35.887	10.182	14.425	1340.5	-0.31083	8.8120
287.50	6.0000	2.4216	0.41296	2575.5	3804.5	35.963	10.188	14.429	1343.6	-0.31337	8.8423
289.00	6.0000	2.4093	0.41506	2590.8	3826.2	36.038	10.194	14.433	1346.8	-0.31588	8.8725
290.50	6.0000	2.3971	0.41717	2606.2	3847.8	36.112	10.200	14.438	1349.9	-0.31836	8.9027
292.00	6.0000	2.3851	0.41927	2621.6	3869.5	36.187	10.206	14.442	1353.1	-0.32082	8.9329
293.50	6.0000	2.3732	0.42138	2637.0	3891.2	36.261	10.212	14.446	1356.2	-0.32325	8.9630
295.00	6.0000	2.3614	0.42349	2652.4	3912.8	36.334	10.217	14.450	1359.3	-0.32565	8.9930
296.50	6.0000	2.3497	0.42559	2667.8	3934.5	36.408	10.222	14.453	1362.4	-0.32802	9.0230
298.00	6.0000	2.3381	0.42769	2683.3	3956.2	36.481	10.228	14.457	1365.5	-0.33037	9.0530
299.50	6.0000	2.3267	0.42980	2698.7	3977.9	36.553	10.233	14.461	1368.6	-0.33270	9.0829
301.00	6.0000	2.3153	0.43190	2714.1	3999.6	36.625	10.238	14.464	1371.7	-0.33500	9.1128
302.50	6.0000	2.3041	0.43401	2729.6	4021.3	36.697	10.242	14.468	1374.8	-0.33728	9.1426
304.00	6.0000	2.2930	0.43611	2745.0	4043.0	36.769	10.247	14.471	1377.9	-0.33953	9.1724
305.50	6.0000	2.2820	0.43821	2760.4	4064.7	36.840	10.252	14.474	1381.0	-0.34176	9.2021
307.00	6.0000	2.2711	0.44031	2775.9	4086.4	36.911	10.256	14.477	1384.0	-0.34397	9.2319
308.50	6.0000	2.2603	0.44242	2791.4	4108.1	36.982	10.261	14.480	1387.1	-0.34615	9.2615
310.00	6.0000	2.2496	0.44452	2806.8	4129.8	37.052	10.265	14.483	1390.1	-0.34831	9.2911
311.50	6.0000	2.2390	0.44662	2822.3	4151.6	37.122	10.269	14.486	1393.2	-0.35045	9.3207
313.00	6.0000	2.2286	0.44872	2837.8	4173.3	37.191	10.273	14.489	1396.2	-0.35257	9.3502
314.50	6.0000	2.2182	0.45082	2853.3	4195.0	37.261	10.277	14.492	1399.3	-0.35466	9.3797
316.00	6.0000	2.2079	0.45292	2868.8	4216.8	37.330	10.281	14.494	1402.3	-0.35674	9.4092
317.50	6.0000	2.1977	0.45502	2884.2	4238.5	37.398	10.285	14.497	1405.4	-0.35879	9.4386
319.00	6.0000	2.1876	0.45712	2899.7	4260.3	37.467	10.288	14.499	1408.4	-0.36083	9.4679
320.50	6.0000	2.1776	0.45922	2915.2	4282.0	37.535	10.292	14.502	1411.4	-0.36284	9.4972
322.00	6.0000	2.1677	0.46132	2930.7	4303.8	37.602	10.295	14.504	1414.4	-0.36484	9.5265
323.50	6.0000	2.1579	0.46342	2946.3	4325.5	37.670	10.299	14.506	1417.4	-0.36681	9.5558
325.00	6.0000	2.1481	0.46552	2961.8	4347.3	37.737	10.302	14.508	1420.4	-0.36877	9.5850
326.50	6.0000	2.1385	0.46762	2977.3	4369.1	37.804	10.305	14.510	1423.4	-0.37070	9.6141
328.00	6.0000	2.1289	0.46972	2992.8	4390.8	37.870	10.308	14.513	1426.4	-0.37262	9.6432
329.50	6.0000	2.1195	0.47182	3008.3	4412.6	37.936	10.311	14.514	1429.4	-0.37452	9.6723
331.00	6.0000	2.1101	0.47391	3023.9	4434.4	38.002	10.314	14.516	1432.4	-0.37640	9.7013
332.50	6.0000	2.1008	0.47601	3039.4	4456.1	38.068	10.317	14.518	1435.4	-0.37827	9.7303
334.00	6.0000	2.0916	0.47811	3054.9	4477.9	38.133	10.320	14.520	1438.3	-0.38011	9.7593
335.50	6.0000	2.0824	0.48021	3070.5	4499.7	38.198	10.323	14.522	1441.3	-0.38194	9.7882
337.00	6.0000	2.0734	0.48230	3086.0	4521.5	38.263	10.326	14.523	1444.2	-0.38375	9.8171
338.50	6.0000	2.0644	0.48440	3101.6	4543.3	38.328	10.328	14.525	1447.2	-0.38554	9.8459
340.00	6.0000	2.0555	0.48650	3117.1	4565.1	38.392	10.331	14.527	1450.1	-0.38732	9.8747
341.50	6.0000	2.0467	0.48859	3132.7	4586.9	38.456	10.333	14.528	1453.1	-0.38908	9.9035
343.00	6.0000	2.0380	0.49069	3148.2	4608.6	38.520	10.336	14.529	1456.0	-0.39083	9.9322
344.50	6.0000	2.0293	0.49278	3163.8	4630.4	38.583	10.338	14.531	1459.0	-0.39256	9.9609
346.00	6.0000	2.0207	0.49488	3179.3	4652.2	38.646	10.340	14.532	1461.9	-0.39427	9.9895
347.50	6.0000	2.0122	0.49697	3194.9	4674.0	38.709	10.342	14.534	1464.8	-0.39597	10.018
349.00	6.0000	2.0037	0.49907	3210.5	4695.8	38.772	10.344	14.535	1467.7	-0.39765	10.047
350.50	6.0000	1.9954	0.50116	3226.0	4717.6	38.834	10.347	14.536	1470.6	-0.39931	10.075
352.00	6.0000	1.9870	0.50326	3241.6	4739.4	38.896	10.349	14.537	1473.5	-0.40096	10.104
353.50	6.0000	1.9788	0.50535	3257.2	4761.3	38.958	10.350	14.538	1476.4	-0.40260	10.132
355.00	6.0000	1.9706	0.50745	3272.8	4783.1	39.019	10.352	14.539	1479.3	-0.40422	10.161
356.50	6.0000	1.9625	0.50954	3288.3	4804.9	39.081	10.354	14.540	1482.2	-0.40583	10.189
358.00	6.0000	1.9545	0.51163	3303.9	4826.7	39.142	10.356	14.541	1485.1	-0.40742	10.217
359.50	6.0000	1.9466	0.51373	3319.5	4848.5	39.203	10.358	14.542	1488.0	-0.40900	10.246
361.00	6.0000	1.9387	0.51582	3335.1	4870.3	39.263	10.359	14.543	1490.9	-0.41056	10.274
362.50	6.0000	1.9308	0.51792	3350.7	4892.1	39.323	10.361	14.544	1493.8	-0.41211	10.302
364.00	6.0000	1.9230	0.52001	3366.3	4913.9	39.383	10.363	14.545	1496.6	-0.41365	10.330
365.50	6.0000	1.9153	0.52210	3381.8	4935.8	39.443	10.364	14.546	1499.5	-0.41517	10.358
367.00	6.0000	1.9077	0.52419	3397.4	4957.6	39.503	10.366	14.546	1502.3	-0.41668	10.387
368.50	6.0000	1.9001	0.52629	3413.0	4979.4	39.562	10.367	14.547	1505.2	-0.41818	10.415
370.00	6.0000	1.8926	0.52838	3428.6	5001.2	39.621	10.369	14.548	1508.0	-0.41966	10.443
371.50	6.0000	1.8851	0.53047	3444.2	5023.0	39.680	10.370	14.548	1510.9	-0.42113	10.471
373.00	6.0000	1.8777	0.53256	3459.8	5044.9	39.739	10.371	14.549	1513.7	-0.42259	10.499
374.50	6.0000	1.8704	0.53465	3475.4	5066.7	39.797	10.373	14.550	1516.5	-0.42403	10.527
376.00	6.0000	1.8631	0.53675	3491.0	5088.5	39.855	10.374	14.550	1519.4	-0.42547	10.555
377.50	6.0000	1.8558	0.53884	3506.6	5110.3	39.913	10.375	14.551	1522.2	-0.42689	10.582
379.00	6.0000	1.8487	0.54093	3522.2	5132.2	39.971	10.376	14.551	1525.0	-0.42829	10.610
380.50	6.0000	1.8416	0.54302	3537.8	5154.0	40.028	10.378	14.552	1527.8	-0.42969	10.638
382.00	6.0000	1.8345	0.54511	3553.4	5175.8	40.086	10.379	14.552	1530.6	-0.43107	10.666
383.50	6.0000	1.8275	0.54720	3569.0	5197.6	40.143	10.380	14.553	1533.4	-0.43245	10.694
385.00	6.0000	1.8205	0.54929	3584.6	5219.5	40.200	10.381	14.553	1536.2	-0.43381	10.721
386.50	6.0000	1.8136	0.55138	3600.2	5241.3	40.256	10.382	14.553	1539.0	-0.43516	10.749
388.00	6.0000	1.8068	0.55347	3615.9	5263.1	40.313	10.383	14.554	1541.8	-0.43649	10.777
389.50	6.0000	1.8000	0.55556	3631.5	5285.0	40.369	10.384	14.554	1544.6	-0.43782	10.804
391.00	6.0000	1.7932	0.55765	3647.1	5306.8	40.425	10.385	14.554	1547.4	-0.43913	10.832
392.50	6.0000	1.7865	0.55974	3662.7	5328.6	40.480	10.386	14.555	1550.1	-0.44044	10.859
394.00	6.0000	1.7799	0.56183	3678.3	5350.5	40.536	10.387	14.555	1552.9	-0.44173	10.887
395.50	6.0000	1.7733	0.56392	3693.9	5372.3	40.591	10.387	14.555	1555.7	-0.44301	10.914
397.00	6.0000	1.7668	0.56601	3709.5	5394.1	40.646	10.388	14.556	1558.4	-0.44429	10.942
398.50	6.0000	1.7603	0.56810	3725.1	5416.0	40.701	10.389	14.556	1561.2	-0.44555	10.969
400.00	6.0000	1.7538	0.57019	3740.8	5437.8	40.756	10.390	14.556	1563.9	-0.44680	10.996
401.50	6.0000	1.7474	0.57228	3756.4	5459.6	40.810	10.391	14.556	1566.7	-0.44804	11.024
403.00	6.0000	1.7410	0.57437	3772.0	5481.5	40.865	10.391	14.556	1569.4	-0.44927	11.051
404.50	6.0000	1.7347	0.57646	3787.6	5503.3	40.919	10.392	14.557	1572.2	-0.45049	11.078
406.00	6.0000	1.7285	0.57854	3803.2	5525.1	40.973	10.393	14.557	1574.9	-0.45169	11.106
407.50	6.0000	1.7223	0.58063	3818.8	5547.0	41.026	10.393	14.557	1577.6	-0.45289	11.133
409.00	6.0000	1.7161	0.58272	3834.5	5568.8	41.080	10.394	14.557	1580.4	-0.45408	11.160
410.50	6.0000	1.7100	0.58481	3850.1	5590.6	41.133	10.395	14.557	1583.1	-0.45526	11.187
412.00	6.0000	1.7039	0.58690	3865.7	5612.5	41.186	10.395	14.557	1585.8	-0.45643	11.214
413.50	6.0000	1.6978	0.58899	3881.3	5634.3	41.239	10.396	14.557	1588.5	-0.45759	11.241
415.00	6.0000	1.6918	0.59107	3897.0	5656.1	41.292	10.396	14.557	1591.2	-0.45874	11.268
416.50	6.0000	1.6859	0.59316	3912.6	5678.0	41.344	10.397	14.557	1593.9	-0.45989	11.295
418.00	6.0000	1.6800	0.59525	3928.2	5699.8	41.397	10.398	14.557	1596.6	-0.46102	11.322
419.50	6.0000	1.6741	0.59734	3943.8	5721.7	41.449	10.398	14.558	1599.3	-0.46214	11.349
421.00	6.0000	1.6683	0.59942	3959.4	5743.5	41.501	10.399	14.558	1602.0	-0.46325	11.376
422.50	6.0000	1.6625	0.60151	3975.1	5765.3	41.552	10.399	14.558	1604.7	-0.46436	11.403
424.00	6.0000	1.6567	0.60360	3990.7	5787.2	41.604	10.400	14.558	1607.3	-0.46545	11.430
425.50	6.0000	1.6510	0.60568	4006.3	5809.0	41.655	10.400	14.558	1610.0	-0.46654	11.457
427.00	6.0000	1.6454	0.60777	4021.9	5830.8	41.707	10.401	14.558	1612.7	-0.46762	11.484
428.50	6.0000	1.6397	0.60986	4037.6	5852.7	41.758	10.401	14.558	1615.4	-0.46869	11.511
430.00	6.0000	1.6341	0.61194	4053.2	5874.5	41.809	10.401	14.558	1618.0	-0.46975	11.537
431.50	6.0000	1.6286	0.61403	4068.8	5896.3	41.859	10.402	14.558	1620.7	-0.47080	11.564
433.00	6.0000	1.6231	0.61612	4084.4	5918.2	41.910	10.402	14.558	1623.3	-0.47185	11.591
434.50	6.0000	1.6176	0.61820	4100.1	5940.0	41.960	10.403	14.558	1626.0	-0.47288	11.617
436.00	6.0000	1.6121	0.62029	4115.7	5961.9	42.010	10.403	14.558	1628.6	-0.47391	11.644
437.50	6.0000	1.6067	0.62238	4131.3	5983.7	42.060	10.403	14.558	1631.3	-0.47493	11.671
439.00	6.0000	1.6014	0.62446	4147.0	6005.5	42.110	10.404	14.558	1633.9	-0.47594	11.697
440.50	6.0000	1.5960	0.62655	4162.6	6027.4	42.160	10.404	14.558	1636.5	-0.47694	11.724
442.00	6.0000	1.5908	0.62863	4178.2	6049.2	42.209	10.405	14.558	1639.1	-0.47793	11.750
443.50	6.0000	1.5855	0.63072	4193.8	6071.0	42.259	10.405	14.557	1641.8	-0.47892	11.777
445.00	6.0000	1.5803	0.63281	4209.5	6092.9	42.308	10.405	14.557	1644.4	-0.47990	11.803
446.50	6.0000	1.5751	0.63489	4225.1	6114.7	42.357	10.406	14.557	1647.0	-0.48087	11.830
448.00	6.0000	1.5699	0.63698	4240.7	6136.5	42.406	10.406	14.557	1649.6	-0.48183	11.856
449.50	6.0000	1.5648	0.63906	4256.4	6158.4	42.454	10.406	14.557	1652.2	-0.48279	11.882
451.00	6.0000	1.5597	0.64115	4272.0	6180.2	42.503	10.407	14.557	1654.8	-0.48373	11.909
452.50	6.0000	1.5546	0.64323	4287.6	6202.1	42.551	10.407	14.557	1657.4	-0.48467	11.935
454.00	6.0000	1.5496	0.64532	4303.2	6223.9	42.599	10.407	14.557	1660.0	-0.48561	11.961
455.50	6.0000	1.5446	0.64740	4318.9	6245.7	42.647	10.408	14.557	1662.6	-0.48653	11.988
457.00	6.0000	1.5397	0.64949	4334.5	6267.6	42.695	10.408	14.557	1665.2	-0.48745	12.014
458.50	6.0000	1.5348	0.65157	4350.1	6289.4	42.743	10.408	14.557	1667.8	-0.48836	12.040
460.00	6.0000	1.5299	0.65366	4365.8	6311.2	42.790	10.409	14.557	1670.4	-0.48926	12.066
461.50	6.0000	1.5250	0.65574	4381.4	6333.1	42.838	10.409	14.557	1672.9	-0.49016	12.093
463.00	6.0000	1.5202	0.65783	4397.0	6354.9	42.885	10.409	14.557	1675.5	-0.49105	12.119
464.50	6.0000	1.5154	0.65991	4412.7	6376.7	42.932	10.409	14.557	1678.1	-0.49193	12.145
466.00	6.0000	1.5106	0.66199	4428.3	6398.6	42.979	10.410	14.557	1680.6	-0.49281	12.171
467.50	6.0000	1.5058	0.66408	4443.9	6420.4	43.026	10.410	14.557	1683.2	-0.49368	12.197
469.00	6.0000	1.5011	0.66616	4459.6	6442.2	43.072	10.410	14.557	1685.7	-0.49454	12.223
470.50	6.0000	1.4965	0.66825	4475.2	6464.1	43.119	10.411	14.557	1688.3	-0.49539	12.249
472.00	6.0000	1.4918	0.67033	4490.8	6485.9	43.165	10.411	14.557	1690.8	-0.49624	12.275
473.50	6.0000	1.4872	0.67242	4506.5	6507.8	43.211	10.411	14.557	1693.4	-0.49708	12.301
475.00	6.0000	1.4826	0.67450	4522.1	6529.6	43.258	10.412	14.557	1695.9	-0.49791	12.327
476.50	6.0000	1.4780	0.67658	4537.7	6551.4	43.303	10.412	14.557	1698.4	-0.49874	12.353
478.00	6.0000	1.4735	0.67867	4553.4	6573.3	43.349	10.412	14.557	1701.0	-0.49956	12.379
479.50	6.0000	1.4690	0.68075	4569.0	6595.1	43.395	10.412	14.557	1703.5	-0.50038	12.405
481.00	6.0000	1.4645	0.68283	4584.6	6616.9	43.440	10.413	14.557	1706.0	-0.50119	12.430
482.50	6.0000	1.4600	0.68492	4600.3	6638.8	43.486	10.413	14.557	1708.5	-0.50199	12.456
484.00	6.0000	1.4556	0.68700	4615.9	6660.6	43.531	10.413	14.557	1711.1	-0.50279	12.482
485.50	6.0000	1.4512	0.68908	4631.5	6682.4	43.576	10.414	14.557	1713.6	-0.50357	12.508
487.00	6.0000	1.4468	0.69117	4647.2	6704.3	43.621	10.414	14.557	1716.1	-0.50436	12.533
488.50	6.0000	1.4425	0.69325	4662.8	6726.1	43.665	10.414	14.557	1718.6	-0.50514	12.559
490.00	6.0000	1.4382	0.69533	4678.4	6747.9	43.710	10.414	14.557	1721.1	-0.50591	12.585
491.50	6.0000	1.4339	0.69742	4694.1	6769.8	43.755	10.415	14.557	1723.6	-0.50667	12.610
493.00	6.0000	1.4296	0.69950	4709.7	6791.6	43.799	10.415	14.557	1726.1	-0.50743	12.636
494.50	6.0000	1.4253	0.70158	4725.3	6813.4	43.843	10.415	14.557	1728.6	-0.50818	12.662
496.00	6.0000	1.4211	0.70367	4741.0	6835.3	43.887	10.416	14.557	1731.0	-0.50893	12.687
497.50	6.0000	1.4169	0.70575	4756.6	6857.1	43.931	10.416	14.557	1733.5	-0.50967	12.713
499.00	6.0000	1.4128	0.70783	4772.2	6878.9	43.975	10.416	14.557	1736.0	-0.51041	12.738
500.50	6.0000	1.4086	0.70991	4787.9	6900.8	44.019	10.417	14.557	1738.5	-0.51114	12.764
502.00	6.0000	1.4045	0.71200	4803.5	6922.6	44.062	10.417	14.557	1740.9	-0.51186	12.789
503.50	6.0000	1.4004	0.71408	4819.2	6944.5	44.106	10.417	14.557	1743.4	-0.51258	12.815
505.00	6.0000	1.3963	0.71616	4834.8	6966.3	44.149	10.417	14.557	1745.9	-0.51329	12.840
506.50	6.0000	1.3923	0.71824	4850.4	6988.1	44.192	10.418	14.557	1748.3	-0.51400	12.866
508.00	6.0000	1.3883	0.72033	4866.1	7010.0	44.235	10.418	14.557	1750.8	-0.51470	12.891
509.50	6.0000	1.3843	0.72241	4881.7	7031.8	44.278	10.418	14.557	1753.2	-0.51540	12.916
511.00	6.0000	1.3803	0.72449	4897.3	7053.6	44.321	10.419	14.557	1755.7	-0.51609	12.942
512.50	6.0000	1.3763	0.72657	4913.0	7075.5	44.364	10.419	14.557	1758.1	-0.51677	12.967
514.00	6.0000	1.3724	0.72866	4928.6	7097.3	44.406	10.419	14.558	1760.6	-0.51745	12.992
515.50	6.0000	1.3685	0.73074	4944.3	7119.1	44.449	10.420	14.558	1763.0	-0.51813	13.018
517.00	6.0000	1.3646	0.73282	4959.9	7141.0	44.491	10.420	14.558	1765.4	-0.51880	13.043
518.50	6.0000	1.3607	0.73490	4975.5	7162.8	44.533	10.421	14.558	1767.9	-0.51946	13.068
520.00	6.0000	1.3569	0.73698	4991.2	7184.7	44.575	10.421	14.558	1770.3	-0.52012	13.093
521.50	6.0000	1.3531	0.73907	5006.8	7206.5	44.617	10.421	14.558	1772.7	-0.52077	13.119
523.00	6.0000	1.3493	0.74115	5022.5	7228.3	44.659	10.422	14.558	1775.1	-0.52142	13.144
524.50	6.0000	1.3455	0.74323	5038.1	7250.2	44.701	10.422	14.559	1777.5	-0.52207	13.169
526.00	6.0000	1.3417	0.74531	5053.8	7272.0	44.742	10.422	14.559	1780.0	-0.52271	13.194
527.50	6.0000	1.3380	0.74739	5069.4	7293.8	44.784	10.423	14.559	1782.4	-0.52334	13.219
529.00	6.0000	1.3343	0.74947	5085.0	7315.7	44.825	10.423	14.559	1784.8	-0.52397	13.244
530.50	6.0000	1.3306	0.75156	5100.7	7337.5	44.866	10.423	14.559	1787.2	-0.52459	13.269
532.00	6.0000	1.3269	0.75364	5116.3	7359.4	44.907	10.424	14.559	1789.6	-0.52521	13.294
533.50	6.0000	1.3232	0.75572	5132.0	7381.2	44.948	10.424	14.560	1792.0	-0.52582	13.319
535.00	6.0000	1.3196	0.75780	5147.6	7403.0	44.989	10.425	14.560	1794.4	-0.52643	13.344
536.50	6.0000	1.3160	0.75988	5163.3	7424.9	45.030	10.425	14.560	1796.8	-0.52704	13.369
538.00	6.0000	1.3124	0.76196	5178.9	7446.7	45.071	10.426	14.560	1799.1	-0.52764	13.394
539.50	6.0000	1.3088	0.76404	5194.5	7468.6	45.111	10.426	14.560	1801.5	-0.52823	13.419
541.00	6.0000	1.3053	0.76612	5210.2	7490.4	45.152	10.426	14.561	1803.9	-0.52882	13.444
542.50	6.0000	1.3017	0.76821	5225.8	7512.2	45.192	10.427	14.561	1806.3	-0.52941	13.469
544.00	6.0000	1.2982	0.77029	5241.5	7534.1	45.232	10.427	14.561	1808.6	-0.52999	13.494
545.50	6.0000	1.2947	0.77237	5257.1	7555.9	45.272	10.428	14.561	1811.0	-0.53056	13.519
547.00	6.0000	1.2912	0.77445	5272.8	7577.8	45.312	10.428	14.562	1813.4	-0.53114	13.544
548.50	6.0000	1.2878	0.77653	5288.4	7599.6	45.352	10.429	14.562	1815.7	-0.53170	13.568
550.00	6.0000	1.2843	0.77861	5304.1	7621.4	45.392	10.429	14.562	1818.1	-0.53227	13.593
551.50	6.0000	1.2809	0.78069	5319.7	7643.3	45.431	10.430	14.562	1820.4	-0.53282	13.618
553.00	6.0000	1.2775	0.78277	5335.4	7665.1	45.471	10.430	14.563	1822.8	-0.53338	13.643
554.50	6.0000	1.2741	0.78485	5351.0	7687.0	45.510	10.430	14.563	1825.1	-0.53393	13.667
556.00	6.0000	1.2708	0.78693	5366.7	7708.8	45.550	10.431	14.563	1827.5	-0.53447	13.692
557.50	6.0000	1.2674	0.78901	5382.3	7730.7	45.589	10.431	14.564	1829.8	-0.53501	13.717
559.00	6.0000	1.2641	0.79110	5398.0	7752.5	45.628	10.432	14.564	1832.2	-0.53555	13.741
560.50	6.0000	1.2608	0.79318	5413.7	7774.4	45.667	10.432	14.564	1834.5	-0.53608	13.766
562.00	6.0000	1.2575	0.79526	5429.3	7796.2	45.706	10.433	14.565	1836.8	-0.53661	13.791
563.50	6.0000	1.2542	0.79734	5445.0	7818.1	45.745	10.433	14.565	1839.2	-0.53714	13.815
565.00	6.0000	1.2509	0.79942	5460.6	7839.9	45.784	10.434	14.565	1841.5	-0.53766	13.840
566.50	6.0000	1.2477	0.80150	5476.3	7861.8	45.822	10.434	14.566	1843.8	-0.53817	13.864
568.00	6.0000	1.2444	0.80358	5491.9	7883.6	45.861	10.435	14.566	1846.1	-0.53868	13.889
569.50	6.0000	1.2412	0.80566	5507.6	7905.5	45.899	10.436	14.566	1848.5	-0.53919	13.914
571.00	6.0000	1.2380	0.80774	5523.2	7927.3	45.938	10.436	14.567	1850.8	-0.53970	13.938
572.50	6.0000	1.2348	0.80982	5538.9	7949.2	45.976	10.437	14.567	1853.1	-0.54020	13.963
574.00	6.0000	1.2317	0.81190	5554.6	7971.0	46.014	10.437	14.568	1855.4	-0.54069	13.987
575.50	6.0000	1.2285	0.81398	5570.2	7992.9	46.052	10.438	14.568	1857.7	-0.54118	14.011
577.00	6.0000	1.2254	0.81606	5585.9	8014.7	46.090	10.438	14.568	1860.0	-0.54167	14.036
578.50	6.0000	1.2223	0.81814	5601.5	8036.6	46.128	10.439	14.569	1862.3	-0.54215	14.060
580.00	6.0000	1.2192	0.82022	5617.2	8058.4	46.165	10.440	14.569	1864.6	-0.54263	14.085
581.50	6.0000	1.2161	0.82230	5632.9	8080.3	46.203	10.440	14.570	1866.9	-0.54311	14.109
583.00	6.0000	1.2130	0.82438	5648.5	8102.1	46.241	10.441	14.570	1869.2	-0.54358	14.133
584.50	6.0000	1.2100	0.82646	5664.2	8124.0	46.278	10.441	14.571	1871.4	-0.54405	14.158
586.00	6.0000	1.2069	0.82854	5679.9	8145.8	46.315	10.442	14.571	1873.7	-0.54452	14.182
587.50	6.0000	1.2039	0.83062	5695.5	8167.7	46.353	10.443	14.572	1876.0	-0.54498	14.206
589.00	6.0000	1.2009	0.83270	5711.2	8189.6	46.390	10.443	14.572	1878.3	-0.54544	14.231
590.50	6.0000	1.1979	0.83478	5726.9	8211.4	46.427	10.444	14.573	1880.6	-0.54589	14.255
592.00	6.0000	1.1949	0.83686	5742.5	8233.3	46.464	10.444	14.573	1882.8	-0.54634	14.279
593.50	6.0000	1.1920	0.83894	5758.2	8255.1	46.501	10.445	14.574	1885.1	-0.54679	14.303
595.00	6.0000	1.1890	0.84102	5773.9	8277.0	46.537	10.446	14.574	1887.4	-0.54723	14.328
596.50	6.0000	1.1861	0.84310	5789.6	8298.9	46.574	10.446	14.575	1889.6	-0.54767	14.352
598.00	6.0000	1.1832	0.84518	5805.2	8320.7	46.611	10.447	14.575	1891.9	-0.54811	14.376
599.50	6.0000	1.1803	0.84726	5820.9	8342.6	46.647	10.448	14.576	1894.1	-0.54854	14.400
601.00	6.0000	1.1774	0.84934	5836.6	8364.4	46.684	10.448	14.576	1896.4	-0.54897	14.424
602.50	6.0000	1.1745	0.85142	5852.3	8386.3	46.720	10.449	14.577	1898.6	-0.54939	14.448
604.00	6.0000	1.1717	0.85350	5867.9	8408.2	46.756	10.450	14.577	1900.9	-0.54981	14.472
605.50	6.0000	1.1688	0.85558	5883.6	8430.0	46.792	10.451	14.578	1903.1	-0.55023	14.496
607.00	6.0000	1.1660	0.85765	5899.3	8451.9	46.828	10.451	14.579	1905.4	-0.55065	14.521
608.50	6.0000	1.1632	0.85973	5915.0	8473.8	46.864	10.452	14.579	1907.6	-0.55106	14.545
610.00	6.0000	1.1603	0.86181	5930.6	8495.6	46.900	10.453	14.580	1909.8	-0.55147	14.569
611.50	6.0000	1.1576	0.86389	5946.3	8517.5	46.936	10.453	14.580	1912.1	-0.55187	14.593
613.00	6.0000	1.1548	0.86597	5962.0	8539.4	46.972	10.454	14.581	1914.3	-0.55228	14.617
614.50	6.0000	1.1520	0.86805	5977.7	8561.3	47.007	10.455	14.582	1916.5	-0.55267	14.641
616.00	6.0000	1.1493	0.87013	5993.4	8583.1	47.043	10.456	14.582	1918.7	-0.55307	14.665
617.50	6.0000	1.1465	0.87221	6009.1	8605.0	47.079	10.456	14.583	1921.0	-0.55346	14.688
619.00	6.0000	1.1438	0.87429	6024.7	8626.9	47.114	10.457	14.584	1923.2	-0.55385	14.712
620.50	6.0000	1.1411	0.87637	6040.4	8648.8	47.149	10.458	14.584	1925.4	-0.55424	14.736
622.00	6.0000	1.1384	0.87845	6056.1	8670.6	47.184	10.459	14.585	1927.6	-0.55462	14.760
623.50	6.0000	1.1357	0.88053	6071.8	8692.5	47.220	10.460	14.586	1929.8	-0.55500	14.784
625.00	6.0000	1.1330	0.88261	6087.5	8714.4	47.255	10.460	14.586	1932.0	-0.55537	14.808
626.50	6.0000	1.1303	0.88468	6103.2	8736.3	47.290	10.461	14.587	1934.2	-0.55575	14.832
628.00	6.0000	1.1277	0.88676	6118.9	8758.1	47.324	10.462	14.588	1936.4	-0.55612	14.856
629.50	6.0000	1.1251	0.88884	6134.6	8780.0	47.359	10.463	14.588	1938.6	-0.55648	14.879
631.00	6.0000	1.1224	0.89092	6150.3	8801.9	47.394	10.464	14.589	1940.8	-0.55685	14.903
632.50	6.0000	1.1198	0.89300	6166.0	8823.8	47.429	10.464	14.590	1943.0	-0.55721	14.927
634.00	6.0000	1.1172	0.89508	6181.7	8845.7	47.463	10.465	14.590	1945.2	-0.55757	14.951
635.50	6.0000	1.1146	0.89716	6197.4	8867.6	47.498	10.466	14.591	1947.4	-0.55792	14.974
637.00	6.0000	1.1121	0.89924	6213.1	8889.5	47.532	10.467	14.592	1949.6	-0.55827	14.998
638.50	6.0000	1.1095	0.90132	6228.8	8911.3	47.566	10.468	14.593	1951.7	-0.55862	15.022
640.00	6.0000	1.1069	0.90339	6244.5	8933.2	47.601	10.469	14.593	1953.9	-0.55897	15.046
641.50	6.0000	1.1044	0.90547	6260.2	8955.1	47.635	10.469	14.594	1956.1	-0.55931	15.069
643.00	6.0000	1.1019	0.90755	6275.9	8977.0	47.669	10.470	14.595	1958.3	-0.55965	15.093
644.50	6.0000	1.0993	0.90963	6291.6	8998.9	47.703	10.471	14.596	1960.4	-0.55999	15.116
646.00	6.0000	1.0968	0.91171	6307.3	9020.8	47.737	10.472	14.597	1962.6	-0.56032	15.140
647.50	6.0000	1.0943	0.91379	6323.0	9042.7	47.771	10.473	14.597	1964.8	-0.56066	15.164
649.00	6.0000	1.0919	0.91587	6338.7	9064.6	47.804	10.474	14.598	1966.9	-0.56098	15.187
650.50	6.0000	1.0894	0.91795	6354.4	9086.5	47.838	10.475	14.599	1969.1	-0.56131	15.211
652.00	6.0000	1.0869	0.92002	6370.1	9108.4	47.872	10.476	14.600	1971.2	-0.56163	15.234
653.50	6.0000	1.0845	0.92210	6385.9	9130.3	47.905	10.477	14.601	1973.4	-0.56195	15.258
655.00	6.0000	1.0820	0.92418	6401.6	9152.2	47.939	10.478	14.602	1975.5	-0.56227	15.282
656.50	6.0000	1.0796	0.92626	6417.3	9174.1	47.972	10.479	14.602	1977.7	-0.56259	15.305
658.00	6.0000	1.0772	0.92834	6433.0	9196.0	48.006	10.480	14.603	1979.8	-0.56290	15.329
659.50	6.0000	1.0748	0.93042	6448.7	9217.9	48.039	10.481	14.604	1982.0	-0.56321	15.352
661.00	6.0000	1.0724	0.93250	6464.4	9239.8	48.072	10.481	14.605	1984.1	-0.56352	15.375
662.50	6.0000	1.0700	0.93457	6480.2	9261.7	48.105	10.482	14.606	1986.3	-0.56382	15.399
664.00	6.0000	1.0676	0.93665	6495.9	9283.6	48.138	10.483	14.607	1988.4	-0.56412	15.422
665.50	6.0000	1.0653	0.93873	6511.6	9305.5	48.171	10.484	14.608	1990.5	-0.56442	15.446
667.00	6.0000	1.0629	0.94081	6527.3	9327.5	48.204	10.485	14.609	1992.7	-0.56472	15.469
668.50	6.0000	1.0606	0.94289	6543.1	9349.4	48.237	10.486	14.609	1994.8	-0.56501	15.493
670.00	6.0000	1.0582	0.94497	6558.8	9371.3	48.269	10.487	14.610	1996.9	-0.56530	15.516
671.50	6.0000	1.0559	0.94704	6574.5	9393.2	48.302	10.488	14.611	1999.0	-0.56559	15.539
673.00	6.0000	1.0536	0.94912	6590.3	9415.1	48.335	10.489	14.612	2001.2	-0.56588	15.563
674.50	6.0000	1.0513	0.95120	6606.0	9437.0	48.367	10.491	14.613	2003.3	-0.56616	15.586
676.00	6.0000	1.0490	0.95328	6621.7	9459.0	48.400	10.492	14.614	2005.4	-0.56644	15.609
677.50	6.0000	1.0467	0.95536	6637.5	9480.9	48.432	10.493	14.615	2007.5	-0.56672	15.633
679.00	6.0000	1.0445	0.95744	6653.2	9502.8	48.464	10.494	14.616	2009.6	-0.56700	15.656
680.50	6.0000	1.0422	0.95951	6668.9	9524.7	48.497	10.495	14.617	2011.7	-0.56727	15.679
682.00	6.0000	1.0399	0.96159	6684.7	9546.7	48.529	10.496	14.618	2013.8	-0.56754	15.702
683.50	6.0000	1.0377	0.96367	6700.4	9568.6	48.561	10.497	14.619	2015.9	-0.56781	15.726
685.00	6.0000	1.0355	0.96575	6716.2	9590.5	48.593	10.498	14.620	2018.0	-0.56808	15.749
686.50	6.0000	1.0332	0.96783	6731.9	9612.4	48.625	10.499	14.621	2020.1	-0.56834	15.772
688.00	6.0000	1.0310	0.96990	6747.7	9634.4	48.657	10.500	14.622	2022.2	-0.56860	15.795
689.50	6.0000	1.0288	0.97198	6763.4	9656.3	48.689	10.501	14.623	2024.3	-0.56886	15.818
691.00	6.0000	1.0266	0.97406	6779.2	9678.2	48.721	10.502	14.624	2026.4	-0.56912	15.842
692.50	6.0000	1.0244	0.97614	6794.9	9700.2	48.752	10.503	14.625	2028.5	-0.56937	15.865
694.00	6.0000	1.0223	0.97822	6810.7	9722.1	48.784	10.505	14.626	2030.6	-0.56963	15.888
695.50	6.0000	1.0201	0.98029	6826.4	9744.1	48.816	10.506	14.627	2032.6	-0.56988	15.911
697.00	6.0000	1.0179	0.98237	6842.2	9766.0	48.847	10.507	14.628	2034.7	-0.57012	15.934
698.50	6.0000	1.0158	0.98445	6857.9	9787.9	48.879	10.508	14.629	2036.8	-0.57037	15.957
700.00	6.0000	1.0137	0.98653	6873.7	9809.9	48.910	10.509	14.631	2038.9	-0.57061	15.980
701.50	6.0000	1.0115	0.98861	6889.5	9831.8	48.941	10.510	14.632	2040.9	-0.57085	16.003
703.00	6.0000	1.0094	0.99068	6905.2	9853.8	48.972	10.511	14.633	2043.0	-0.57109	16.026
704.50	6.0000	1.0073	0.99276	6921.0	9875.7	49.004	10.513	14.634	2045.1	-0.57133	16.049
706.00	6.0000	1.0052	0.99484	6936.8	9897.7	49.035	10.514	14.635	2047.1	-0.57156	16.072
707.50	6.0000	1.0031	0.99692	6952.5	9919.6	49.066	10.515	14.636	2049.2	-0.57179	16.095
709.00	6.0000	1.0010	0.99900	6968.3	9941.6	49.097	10.516	14.637	2051.3	-0.57202	16.118
710.50	6.0000	0.99893	1.0011	6984.1	9963.5	49.128	10.517	14.638	2053.3	-0.57225	16.141
712.00	6.0000	0.99686	1.0032	6999.9	9985.5	49.159	10.519	14.639	2055.4	-0.57248	16.164
713.50	6.0000	0.99480	1.0052	7015.6	10007.	49.189	10.520	14.641	2057.4	-0.57270	16.187
715.00	6.0000	0.99275	1.0073	7031.4	10029.	49.220	10.521	14.642	2059.5	-0.57292	16.210
716.50	6.0000	0.99070	1.0094	7047.2	10051.	49.251	10.522	14.643	2061.5	-0.57314	16.233
718.00	6.0000	0.98867	1.0115	7063.0	10073.	49.282	10.524	14.644	2063.6	-0.57336	16.256
719.50	6.0000	0.98664	1.0135	7078.7	10095.	49.312	10.525	14.645	2065.6	-0.57357	16.279
721.00	6.0000	0.98462	1.0156	7094.5	10117.	49.343	10.526	14.647	2067.7	-0.57379	16.302
722.50	6.0000	0.98261	1.0177	7110.3	10139.	49.373	10.527	14.648	2069.7	-0.57400	16.325
724.00	6.0000	0.98061	1.0198	7126.1	10161.	49.403	10.529	14.649	2071.7	-0.57420	16.347
725.50	6.0000	0.97862	1.0219	7141.9	10183.	49.434	10.530	14.650	2073.8	-0.57441	16.370
727.00	6.0000	0.97663	1.0239	7157.7	10205.	49.464	10.531	14.651	2075.8	-0.57462	16.393
728.50	6.0000	0.97465	1.0260	7173.5	10227.	49.494	10.532	14.653	2077.8	-0.57482	16.416
730.00	6.0000	0.97268	1.0281	7189.3	10249.	49.524	10.534	14.654	2079.9	-0.57502	16.439
731.50	6.0000	0.97072	1.0302	7205.1	10271.	49.554	10.535	14.655	2081.9	-0.57522	16.461
733.00	6.0000	0.96877	1.0322	7220.9	10293.	49.584	10.536	14.656	2083.9	-0.57541	16.484
734.50	6.0000	0.96682	1.0343	7236.7	10315.	49.614	10.538	14.658	2085.9	-0.57561	16.507
736.00	6.0000	0.96488	1.0364	7252.5	10337.	49.644	10.539	14.659	2087.9	-0.57580	16.530
737.50	6.0000	0.96295	1.0385	7268.3	10359.	49.674	10.540	14.660	2090.0	-0.57599	16.552
739.00	6.0000	0.96103	1.0405	7284.1	10381.	49.704	10.542	14.661	2092.0	-0.57618	16.575
740.50	6.0000	0.95912	1.0426	7299.9	10403.	49.734	10.543	14.663	2094.0	-0.57636	16.598
742.00	6.0000	0.95721	1.0447	7315.7	10425.	49.763	10.544	14.664	2096.0	-0.57655	16.621
743.50	6.0000	0.95531	1.0468	7331.5	10447.	49.793	10.546	14.665	2098.0	-0.57673	16.643
745.00	6.0000	0.95342	1.0489	7347.4	10469.	49.823	10.547	14.667	2100.0	-0.57691	16.666
746.50	6.0000	0.95153	1.0509	7363.2	10491.	49.852	10.548	14.668	2102.0	-0.57709	16.688
748.00	6.0000	0.94966	1.0530	7379.0	10513.	49.881	10.550	14.669	2104.0	-0.57727	16.711
749.50	6.0000	0.94779	1.0551	7394.8	10535.	49.911	10.551	14.671	2106.0	-0.57744	16.734
751.00	6.0000	0.94592	1.0572	7410.6	10557.	49.940	10.553	14.672	2108.0	-0.57762	16.756
752.50	6.0000	0.94407	1.0592	7426.5	10579.	49.969	10.554	14.673	2110.0	-0.57779	16.779
754.00	6.0000	0.94222	1.0613	7442.3	10601.	49.999	10.555	14.675	2112.0	-0.57796	16.801
755.50	6.0000	0.94038	1.0634	7458.1	10623.	50.028	10.557	14.676	2114.0	-0.57813	16.824
757.00	6.0000	0.93855	1.0655	7474.0	10645.	50.057	10.558	14.677	2116.0	-0.57829	16.847
758.50	6.0000	0.93672	1.0676	7489.8	10667.	50.086	10.560	14.679	2117.9	-0.57846	16.869
760.00	6.0000	0.93490	1.0696	7505.6	10689.	50.115	10.561	14.680	2119.9	-0.57862	16.892
761.50	6.0000	0.93309	1.0717	7521.5	10711.	50.144	10.563	14.682	2121.9	-0.57878	16.914
763.00	6.0000	0.93128	1.0738	7537.3	10733.	50.173	10.564	14.683	2123.9	-0.57894	16.937
764.50	6.0000	0.92949	1.0759	7553.1	10755.	50.202	10.566	14.684	2125.9	-0.57909	16.959
766.00	6.0000	0.92769	1.0779	7569.0	10777.	50.230	10.567	14.686	2127.8	-0.57925	16.982
767.50	6.0000	0.92591	1.0800	7584.8	10799.	50.259	10.569	14.687	2129.8	-0.57940	17.004
769.00	6.0000	0.92413	1.0821	7600.7	10821.	50.288	10.570	14.689	2131.8	-0.57955	17.027
770.50	6.0000	0.92236	1.0842	7616.5	10843.	50.317	10.571	14.690	2133.7	-0.57970	17.049
772.00	6.0000	0.92060	1.0863	7632.4	10865.	50.345	10.573	14.692	2135.7	-0.57985	17.071
773.50	6.0000	0.91884	1.0883	7648.3	10887.	50.374	10.574	14.693	2137.7	-0.58000	17.094
775.00	6.0000	0.91709	1.0904	7664.1	10909.	50.402	10.576	14.695	2139.6	-0.58014	17.116
776.50	6.0000	0.91535	1.0925	7680.0	10932.	50.430	10.578	14.696	2141.6	-0.58029	17.139
778.00	6.0000	0.91361	1.0946	7695.8	10954.	50.459	10.579	14.697	2143.5	-0.58043	17.161
779.50	6.0000	0.91188	1.0966	7711.7	10976.	50.487	10.581	14.699	2145.5	-0.58057	17.183
781.00	6.0000	0.91016	1.0987	7727.6	10998.	50.515	10.582	14.700	2147.4	-0.58071	17.206
782.50	6.0000	0.90844	1.1008	7743.4	11020.	50.544	10.584	14.702	2149.4	-0.58084	17.228
784.00	6.0000	0.90673	1.1029	7759.3	11042.	50.572	10.585	14.703	2151.3	-0.58098	17.250
785.50	6.0000	0.90502	1.1049	7775.2	11064.	50.600	10.587	14.705	2153.3	-0.58111	17.273
787.00	6.0000	0.90332	1.1070	7791.1	11086.	50.628	10.588	14.707	2155.2	-0.58124	17.295
788.50	6.0000	0.90163	1.1091	7806.9	11108.	50.656	10.590	14.708	2157.2	-0.58137	17.317
790.00	6.0000	0.89995	1.1112	7822.8	11130.	50.684	10.592	14.710	2159.1	-0.58150	17.339
791.50	6.0000	0.89827	1.1133	7838.7	11152.	50.712	10.593	14.711	2161.0	-0.58163	17.362
793.00	6.0000	0.89660	1.1153	7854.6	11174.	50.740	10.595	14.713	2163.0	-0.58175	17.384
794.50	6.0000	0.89493	1.1174	7870.5	11196.	50.767	10.596	14.714	2164.9	-0.58188	17.406
796.00	6.0000	0.89327	1.1195	7886.4	11218.	50.795	10.598	14.716	2166.8	-0.58200	17.428
797.50	6.0000	0.89161	1.1216	7902.3	11240.	50.823	10.600	14.717	2168.8	-0.58212	17.451
799.00	6.0000	0.88997	1.1236	7918.2	11262.	50.851	10.601	14.719	2170.7	-0.58224	17.473
800.50	6.0000	0.88832	1.1257	7934.1	11284.	50.878	10.603	14.721	2172.6	-0.58235	17.495
802.00	6.0000	0.88669	1.1278	7950.0	11307.	50.906	10.604	14.722	2174.5	-0.58247	17.517
803.50	6.0000	0.88506	1.1299	7965.9	11329.	50.933	10.606	14.724	2176.5	-0.58258	17.539
805.00	6.0000	0.88343	1.1319	7981.8	11351.	50.961	10.608	14.725	2178.4	-0.58270	17.561
806.50	6.0000	0.88182	1.1340	7997.7	11373.	50.988	10.609	14.727	2180.3	-0.58281	17.584
808.00	6.0000	0.88020	1.1361	8013.6	11395.	51.016	10.611	14.729	2182.2	-0.58292	17.606
809.50	6.0000	0.87860	1.1382	8029.5	11417.	51.043	10.613	14.730	2184.1	-0.58302	17.628
811.00	6.0000	0.87700	1.1403	8045.4	11439.	51.070	10.614	14.732	2186.0	-0.58313	17.650
812.50	6.0000	0.87540	1.1423	8061.3	11461.	51.097	10.616	14.734	2187.9	-0.58324	17.672
814.00	6.0000	0.87381	1.1444	8077.2	11483.	51.125	10.618	14.735	2189.9	-0.58334	17.694
815.50	6.0000	0.87223	1.1465	8093.2	11505.	51.152	10.620	14.737	2191.8	-0.58344	17.716
817.00	6.0000	0.87065	1.1486	8109.1	11528.	51.179	10.621	14.739	2193.7	-0.58354	17.738
818.50	6.0000	0.86908	1.1506	8125.0	11550.	51.206	10.623	14.740	2195.6	-0.58364	17.760
820.00	6.0000	0.86752	1.1527	8141.0	11572.	51.233	10.625	14.742	2197.5	-0.58374	17.782
821.50	6.0000	0.86596	1.1548	8156.9	11594.	51.260	10.626	14.744	2199.4	-0.58384	17.804
823.00	6.0000	0.86440	1.1569	8172.8	11616.	51.287	10.628	14.745	2201.2	-0.58393	17.826
824.50	6.0000	0.86285	1.1589	8188.8	11638.	51.313	10.630	14.747	2203.1	-0.58402	17.848
826.00	6.0000	0.86131	1.1610	8204.7	11660.	51.340	10.632	14.749	2205.0	-0.58412	17.870
827.50	6.0000	0.85977	1.1631	8220.6	11682.	51.367	10.633	14.751	2206.9	-0.58421	17.892
829.00	6.0000	0.85824	1.1652	8236.6	11704.	51.394	10.635	14.752	2208.8	-0.58430	17.914
830.50	6.0000	0.85671	1.1673	8252.5	11727.	51.420	10.637	14.754	2210.7	-0.58438	17.936
832.00	6.0000	0.85519	1.1693	8268.5	11749.	51.447	10.639	14.756	2212.6	-0.58447	17.958
833.50	6.0000	0.85367	1.1714	8284.4	11771.	51.474	10.641	14.758	2214.4	-0.58456	17.980
835.00	6.0000	0.85216	1.1735	8300.4	11793.	51.500	10.642	14.759	2216.3	-0.58464	18.002
836.50	6.0000	0.85066	1.1756	8316.4	11815.	51.527	10.644	14.761	2218.2	-0.58472	18.024
838.00	6.0000	0.84916	1.1776	8332.3	11837.	51.553	10.646	14.763	2220.1	-0.58480	18.045
839.50	6.0000	0.84766	1.1797	8348.3	11859.	51.579	10.648	14.765	2221.9	-0.58488	18.067
841.00	6.0000	0.84617	1.1818	8364.3	11882.	51.606	10.650	14.766	2223.8	-0.58496	18.089
842.50	6.0000	0.84469	1.1839	8380.2	11904.	51.632	10.651	14.768	2225.7	-0.58504	18.111
844.00	6.0000	0.84321	1.1859	8396.2	11926.	51.658	10.653	14.770	2227.6	-0.58511	18.133
845.50	6.0000	0.84174	1.1880	8412.2	11948.	51.685	10.655	14.772	2229.4	-0.58519	18.155
847.00	6.0000	0.84027	1.1901	8428.1	11970.	51.711	10.657	14.774	2231.3	-0.58526	18.176
848.50	6.0000	0.83880	1.1922	8444.1	11992.	51.737	10.659	14.776	2233.1	-0.58533	18.198
850.00	6.0000	0.83734	1.1943	8460.1	12015.	51.763	10.661	14.777	2235.0	-0.58540	18.220
851.50	6.0000	0.83589	1.1963	8476.1	12037.	51.789	10.663	14.779	2236.9	-0.58547	18.242
853.00	6.0000	0.83444	1.1984	8492.1	12059.	51.815	10.664	14.781	2238.7	-0.58554	18.263
854.50	6.0000	0.83300	1.2005	8508.1	12081.	51.841	10.666	14.783	2240.6	-0.58560	18.285
856.00	6.0000	0.83156	1.2026	8524.1	12103.	51.867	10.668	14.785	2242.4	-0.58567	18.307
857.50	6.0000	0.83013	1.2046	8540.1	12125.	51.893	10.670	14.787	2244.3	-0.58573	18.329
859.00	6.0000	0.82870	1.2067	8556.1	12148.	51.919	10.672	14.789	2246.1	-0.58579	18.350
860.50	6.0000	0.82727	1.2088	8572.1	12170.	51.945	10.674	14.790	2248.0	-0.58586	18.372
862.00	6.0000	0.82586	1.2109	8588.1	12192.	51.970	10.676	14.792	2249.8	-0.58592	18.394
863.50	6.0000	0.82444	1.2129	8604.1	12214.	51.996	10.678	14.794	2251.6	-0.58597	18.415
865.00	6.0000	0.82303	1.2150	8620.1	12236.	52.022	10.680	14.796	2253.5	-0.58603	18.437
866.50	6.0000	0.82163	1.2171	8636.1	12259.	52.047	10.682	14.798	2255.3	-0.58609	18.459
868.00	6.0000	0.82023	1.2192	8652.1	12281.	52.073	10.684	14.800	2257.2	-0.58614	18.480
869.50	6.0000	0.81883	1.2212	8668.2	12303.	52.099	10.686	14.802	2259.0	-0.58620	18.502
871.00	6.0000	0.81744	1.2233	8684.2	12325.	52.124	10.688	14.804	2260.8	-0.58625	18.524
872.50	6.0000	0.81606	1.2254	8700.2	12347.	52.150	10.690	14.806	2262.7	-0.58630	18.545
874.00	6.0000	0.81468	1.2275	8716.2	12370.	52.175	10.692	14.808	2264.5	-0.58635	18.567
875.50	6.0000	0.81330	1.2296	8732.3	12392.	52.200	10.694	14.810	2266.3	-0.58640	18.588
877.00	6.0000	0.81193	1.2316	8748.3	12414.	52.226	10.695	14.812	2268.1	-0.58645	18.610
878.50	6.0000	0.81056	1.2337	8764.3	12436.	52.251	10.697	14.814	2270.0	-0.58650	18.631
880.00	6.0000	0.80920	1.2358	8780.4	12458.	52.276	10.699	14.816	2271.8	-0.58654	18.653
881.50	6.0000	0.80784	1.2379	8796.4	12481.	52.302	10.702	14.818	2273.6	-0.58658	18.675
883.00	6.0000	0.80649	1.2399	8812.5	12503.	52.327	10.704	14.820	2275.4	-0.58663	18.696
884.50	6.0000	0.80514	1.2420	8828.5	12525.	52.352	10.706	14.822	2277.2	-0.58667	18.718
886.00	6.0000	0.80380	1.2441	8844.6	12547.	52.377	10.708	14.824	2279.0	-0.58671	18.739
887.50	6.0000	0.80246	1.2462	8860.6	12570.	52.402	10.710	14.826	2280.9	-0.58675	18.761
889.00	6.0000	0.80113	1.2482	8876.7	12592.	52.427	10.712	14.828	2282.7	-0.58679	18.782
890.50	6.0000	0.79979	1.2503	8892.8	12614.	52.452	10.714	14.830	2284.5	-0.58683	18.803
892.00	6.0000	0.79847	1.2524	8908.8	12636.	52.477	10.716	14.832	2286.3	-0.58686	18.825
893.50	6.0000	0.79715	1.2545	8924.9	12659.	52.502	10.718	14.834	2288.1	-0.58690	18.846
895.00	6.0000	0.79583	1.2566	8941.0	12681.	52.527	10.720	14.836	2289.9	-0.58693	18.868
896.50	6.0000	0.79452	1.2586	8957.0	12703.	52.552	10.722	14.838	2291.7	-0.58696	18.889
898.00	6.0000	0.79321	1.2607	8973.1	12725.	52.577	10.724	14.840	2293.5	-0.58700	18.911
899.50	6.0000	0.79190	1.2628	8989.2	12748.	52.601	10.726	14.842	2295.3	-0.58703	18.932
901.00	6.0000	0.79060	1.2649	9005.3	12770.	52.626	10.728	14.844	2297.1	-0.58706	18.953
902.50	6.0000	0.78931	1.2669	9021.4	12792.	52.651	10.730	14.846	2298.9	-0.58708	18.975
904.00	6.0000	0.78802	1.2690	9037.5	12814.	52.675	10.732	14.848	2300.7	-0.58711	18.996
905.50	6.0000	0.78673	1.2711	9053.6	12837.	52.700	10.735	14.850	2302.5	-0.58714	19.017
907.00	6.0000	0.78545	1.2732	9069.7	12859.	52.725	10.737	14.852	2304.2	-0.58716	19.039
908.50	6.0000	0.78417	1.2752	9085.8	12881.	52.749	10.739	14.855	2306.0	-0.58719	19.060
910.00	6.0000	0.78289	1.2773	9101.9	12904.	52.774	10.741	14.857	2307.8	-0.58721	19.081
911.50	6.0000	0.78162	1.2794	9118.0	12926.	52.798	10.743	14.859	2309.6	-0.58723	19.103
913.00	6.0000	0.78035	1.2815	9134.1	12948.	52.823	10.745	14.861	2311.4	-0.58725	19.124
914.50	6.0000	0.77909	1.2835	9150.2	12970.	52.847	10.747	14.863	2313.2	-0.58727	19.145
916.00	6.0000	0.77783	1.2856	9166.3	12993.	52.871	10.750	14.865	2314.9	-0.58729	19.166
917.50	6.0000	0.77658	1.2877	9182.4	13015.	52.896	10.752	14.867	2316.7	-0.58731	19.188
919.00	6.0000	0.77533	1.2898	9198.5	13037.	52.920	10.754	14.869	2318.5	-0.58733	19.209
920.50	6.0000	0.77408	1.2919	9214.7	13060.	52.944	10.756	14.872	2320.3	-0.58734	19.230
922.00	6.0000	0.77284	1.2939	9230.8	13082.	52.968	10.758	14.874	2322.0	-0.58736	19.251
923.50	6.0000	0.77160	1.2960	9246.9	13104.	52.993	10.760	14.876	2323.8	-0.58737	19.273
925.00	6.0000	0.77037	1.2981	9263.1	13127.	53.017	10.763	14.878	2325.6	-0.58738	19.294
926.50	6.0000	0.76914	1.3002	9279.2	13149.	53.041	10.765	14.880	2327.3	-0.58740	19.315
928.00	6.0000	0.76791	1.3022	9295.3	13171.	53.065	10.767	14.883	2329.1	-0.58741	19.336
929.50	6.0000	0.76669	1.3043	9311.5	13193.	53.089	10.769	14.885	2330.9	-0.58742	19.357
931.00	6.0000	0.76547	1.3064	9327.6	13216.	53.113	10.772	14.887	2332.6	-0.58742	19.378
932.50	6.0000	0.76426	1.3085	9343.8	13238.	53.137	10.774	14.889	2334.4	-0.58743	19.400
934.00	6.0000	0.76305	1.3105	9360.0	13260.	53.161	10.776	14.891	2336.2	-0.58744	19.421
935.50	6.0000	0.76184	1.3126	9376.1	13283.	53.185	10.778	14.894	2337.9	-0.58744	19.442
937.00	6.0000	0.76063	1.3147	9392.3	13305.	53.209	10.781	14.896	2339.7	-0.58745	19.463
938.50	6.0000	0.75944	1.3168	9408.4	13328.	53.232	10.783	14.898	2341.4	-0.58745	19.484
940.00	6.0000	0.75824	1.3188	9424.6	13350.	53.256	10.785	14.900	2343.2	-0.58746	19.505
941.50	6.0000	0.75705	1.3209	9440.8	13372.	53.280	10.787	14.903	2344.9	-0.58746	19.526
943.00	6.0000	0.75586	1.3230	9457.0	13395.	53.304	10.790	14.905	2346.7	-0.58746	19.547
944.50	6.0000	0.75468	1.3251	9473.1	13417.	53.327	10.792	14.907	2348.4	-0.58746	19.568
946.00	6.0000	0.75349	1.3271	9489.3	13439.	53.351	10.794	14.909	2350.2	-0.58746	19.589
947.50	6.0000	0.75232	1.3292	9505.5	13462.	53.375	10.796	14.912	2351.9	-0.58746	19.610
949.00	6.0000	0.75114	1.3313	9521.7	13484.	53.398	10.799	14.914	2353.6	-0.58745	19.631
950.50	6.0000	0.74997	1.3334	9537.9	13506.	53.422	10.801	14.916	2355.4	-0.58745	19.652
952.00	6.0000	0.74881	1.3355	9554.1	13529.	53.445	10.803	14.919	2357.1	-0.58745	19.673
953.50	6.0000	0.74765	1.3375	9570.3	13551.	53.469	10.806	14.921	2358.9	-0.58744	19.694
955.00	6.0000	0.74649	1.3396	9586.5	13574.	53.492	10.808	14.923	2360.6	-0.58743	19.715
956.50	6.0000	0.74533	1.3417	9602.7	13596.	53.516	10.810	14.925	2362.3	-0.58743	19.736
958.00	6.0000	0.74418	1.3438	9618.9	13618.	53.539	10.813	14.928	2364.1	-0.58742	19.757
959.50	6.0000	0.74303	1.3458	9635.1	13641.	53.562	10.815	14.930	2365.8	-0.58741	19.778
961.00	6.0000	0.74189	1.3479	9651.3	13663.	53.586	10.817	14.932	2367.5	-0.58740	19.799
962.50	6.0000	0.74075	1.3500	9667.6	13685.	53.609	10.820	14.935	2369.2	-0.58739	19.820
964.00	6.0000	0.73961	1.3521	9683.8	13708.	53.632	10.822	14.937	2371.0	-0.58738	19.841
965.50	6.0000	0.73847	1.3541	9700.0	13730.	53.656	10.824	14.940	2372.7	-0.58736	19.862
967.00	6.0000	0.73734	1.3562	9716.2	13753.	53.679	10.827	14.942	2374.4	-0.58735	19.882
968.50	6.0000	0.73622	1.3583	9732.5	13775.	53.702	10.829	14.944	2376.1	-0.58733	19.903
970.00	6.0000	0.73509	1.3604	9748.7	13798.	53.725	10.832	14.947	2377.8	-0.58732	19.924
971.50	6.0000	0.73397	1.3624	9765.0	13820.	53.748	10.834	14.949	2379.6	-0.58730	19.945
973.00	6.0000	0.73286	1.3645	9781.2	13842.	53.771	10.836	14.951	2381.3	-0.58729	19.966
974.50	6.0000	0.73174	1.3666	9797.4	13865.	53.794	10.839	14.954	2383.0	-0.58727	19.987
976.00	6.0000	0.73063	1.3687	9813.7	13887.	53.817	10.841	14.956	2384.7	-0.58725	20.007
977.50	6.0000	0.72953	1.3708	9830.0	13910.	53.840	10.844	14.959	2386.4	-0.58723	20.028
979.00	6.0000	0.72842	1.3728	9846.2	13932.	53.863	10.846	14.961	2388.1	-0.58721	20.049
980.50	6.0000	0.72732	1.3749	9862.5	13955.	53.886	10.848	14.963	2389.8	-0.58719	20.070
982.00	6.0000	0.72623	1.3770	9878.7	13977.	53.909	10.851	14.966	2391.5	-0.58717	20.090
983.50	6.0000	0.72513	1.3791	9895.0	13999.	53.932	10.853	14.968	2393.2	-0.58714	20.111
985.00	6.0000	0.72404	1.3811	9911.3	14022.	53.955	10.856	14.971	2394.9	-0.58712	20.132
986.50	6.0000	0.72296	1.3832	9927.6	14044.	53.977	10.858	14.973	2396.6	-0.58709	20.153
988.00	6.0000	0.72187	1.3853	9943.9	14067.	54.000	10.861	14.976	2398.3	-0.58707	20.173
989.50	6.0000	0.72079	1.3874	9960.1	14089.	54.023	10.863	14.978	2400.0	-0.58704	20.194
991.00	6.0000	0.71972	1.3894	9976.4	14112.	54.046	10.866	14.980	2401.7	-0.58702	20.215
992.50	6.0000	0.71864	1.3915	9992.7	14134.	54.068	10.868	14.983	2403.4	-0.58699	20.235
994.00	6.0000	0.71757	1.3936	10009.	14157.	54.091	10.871	14.985	2405.1	-0.58696	20.256
995.50	6.0000	0.71650	1.3957	10025.	14179.	54.113	10.873	14.988	2406.8	-0.58693	20.277
997.00	6.0000	0.71544	1.3977	10042.	14202.	54.136	10.876	14.990	2408.5	-0.58690	20.297
998.50	6.0000	0.71438	1.3998	10058.	14224.	54.159	10.878	14.993	2410.2	-0.58687	20.318
1000.0	6.0000	0.71332	1.4019	10074.	14247.	54.181	10.881	14.995	2411.9	-0.58684	20.339