14.357
14.117
13.885
13.662
13.447
13.239
13.038
12.844
12.656
12.474
12.298
12.127
11.961
11.800
11.644
11.492
11.345
11.201
11.062
10.926
10.794
10.665
10.539
10.417
10.297
10.181
10.067
9.9559
9.8475
9.7415
9.6380
9.5368
9.4378
9.3410
9.2463
9.1536
9.0628
8.9740
8.8869
8.8017
8.7181
8.6362
8.5559
8.4772
8.4000
8.3242
8.2499
8.1770
8.1054
8.0351
7.9661
7.8983
7.8317
7.7662
7.7020
7.6388
7.5766
7.5156
7.4555
7.3964
7.3383
7.2812
7.2250
7.1696
7.1152
7.0616
7.0088
6.9568
6.9056
6.8552
6.8056
6.7567
6.7085
6.6610
6.6143
6.5682
6.5227
6.4779
6.4337
6.3902
6.3472
6.3049
6.2631
6.2219
6.1812
6.1411
6.1015
6.0625
6.0239
5.9859
5.9483
5.9112
5.8746
5.8385
5.8028
5.7675
5.7327
5.6984
5.6644
5.6308
5.5977
5.5650
5.5326
5.5006
5.4690
5.4378
5.4069
5.3764
5.3463
5.3165
5.2870
5.2578
5.2290
5.2005
5.1724
5.1445
5.1169
5.0897
5.0627
5.0360
5.0096
4.9835
4.9576
4.9321
4.9068
4.8817
4.8570
4.8324
4.8082
4.7841
4.7604
4.7368
4.7135
4.6904
4.6676
4.6450
4.6226
4.6004
4.5784
4.5567
4.5351
4.5138
4.4926
4.4717
4.4510
4.4304
4.4101
4.3899
4.3699
4.3501
4.3305
4.3111
4.2918
4.2727
4.2538
4.2351
4.2165
4.1981
4.1798
4.1617
4.1438
4.1260
4.1084
4.0909
4.0736
4.0564
4.0394
4.0225
4.0058
3.9892
3.9727
3.9564
3.9402
3.9241
3.9082
3.8924
3.8767
3.8612
3.8458
3.8305
3.8153
3.8003
3.7854
3.7706
3.7559
3.7413
3.7268
3.7125
3.6982
3.6841
3.6701
3.6562
3.6424
3.6286
3.6150
3.6016
3.5882
3.5749
3.5617
3.5486
3.5356
3.5227
3.5098
3.4971
3.4845
3.4720
3.4595
3.4472
3.4349
3.4227
3.4106
3.3986
3.3867
3.3749
3.3631
3.3515
3.3399
3.3284
3.3169
3.3056
3.2943
3.2831
3.2720
3.2610
3.2500
3.2391
3.2283
3.2175
3.2069
3.1963
3.1857
3.1753
3.1649
3.1545
3.1443
3.1341
3.1240
3.1139
3.1039
3.0940
3.0841
3.0743
3.0646
3.0549
3.0453
3.0357
3.0262
3.0168
3.0074
2.9981
2.9888
2.9796
2.9704
2.9613
2.9523
2.9433
2.9344
2.9255
2.9167
2.9080
2.8992
2.8906
2.8820
2.8734
2.8649
2.8565
2.8481
2.8397
2.8314
2.8231
2.8149
2.8068
2.7986
2.7906
2.7826
2.7746
2.7667
2.7588
2.7509
2.7431
2.7354
2.7277
2.7200
2.7124
2.7048
2.6973
2.6898
2.6824
2.6749
2.6676
2.6603
2.6530
2.6457
2.6385
2.6313
2.6242
2.6171
2.6101
2.6031
2.5961
2.5891
2.5822
2.5754
2.5686
2.5618
2.5550
2.5483
2.5416
2.5350
2.5283
2.5218
2.5152
2.5087
2.5022
2.4958
2.4894
2.4830
2.4766
2.4703
2.4641
2.4578
2.4516
2.4454
2.4392
2.4331
2.4270
2.4210
2.4149
2.4089
2.4030
2.3970
2.3911
2.3852
2.3794
2.3735
2.3677
2.3620
2.3562
2.3505
2.3448
2.3392
2.3336
2.3280
2.3224
2.3168
2.3113
2.3058
2.3003
2.2949
2.2895
2.2841
2.2787
2.2734
2.2681
2.2628
2.2575
2.2522
2.2470
2.2418
2.2367
2.2315
2.2264
2.2213
2.2162
2.2112
2.2061
2.2011
2.1961
2.1912
2.1862
2.1813
2.1764
2.1716
2.1667
2.1619
2.1571
2.1523
2.1475
2.1428
2.1380
2.1333
2.1287
2.1240
2.1194
2.1147
2.1101
2.1056
2.1010
2.0965
2.0919
2.0874
2.0830
2.0785
2.0741
2.0696
2.0652
2.0608
2.0565
2.0521
2.0478
2.0435
2.0392
2.0349
2.0306
2.0264
2.0222
2.0180
2.0138
2.0096
2.0055
2.0013
1.9972
1.9931
1.9890
1.9849
1.9809
1.9769
1.9728
1.9688
1.9648
1.9609
1.9569
1.9530
1.9491
1.9451
1.9413
1.9374
1.9335
1.9297
1.9258
1.9220
1.9182
1.9144
1.9107
1.9069
1.9032
1.8995
1.8957
1.8921
1.8884
1.8847
1.8811
1.8774
1.8738
1.8702
1.8666
1.8630
1.8594
1.8559
1.8523
1.8488
1.8453
1.8418
1.8383
1.8348
1.8314
1.8279
1.8245
1.8210
1.8176
1.8142
1.8109
1.8075
1.8041
1.8008
1.7974
1.7941
1.7908
1.7875
1.7842
1.7810
1.7777
1.7744
1.7712
1.7680
1.7648
1.7616
1.7584
1.7552
1.7520
1.7489
1.7457
1.7426
1.7395
1.7363
1.7332
1.7302
1.7271
1.7240
1.7210
1.7179
1.7149
1.7119
1.7088
1.7058
1.7028
1.6999
1.6969
1.6939
1.6910
1.6880
1.6851
1.6822
1.6793
1.6764
1.6735
1.6706
1.6677
1.6649
1.6620
1.6592
1.6564
1.6535
1.6507
1.6479
1.6451
1.6423
1.6396
1.6368
1.6340
1.6313
1.6286
1.6258
1.6231
1.6204
1.6177
1.6150
1.6123
1.6097
1.6070
1.6043
1.6017
1.5991
1.5964
1.5938
1.5912
1.5886
1.5860
1.5834
1.5808
1.5783
1.5757
1.5731
1.5706
1.5681
1.5655
1.5630
1.5605
1.5580
1.5555
1.5530
1.5505
1.5481
1.5456
1.5431
1.5407
1.5383
1.5358
1.5334
1.5310
1.5286
1.5262
1.5238
1.5214
1.5190
1.5166
1.5143
1.5119
1.5096
1.5072
1.5049
1.5025
1.5002
1.4979
1.4956
1.4933
1.4910
1.4887
1.4864
1.4842
1.4819
1.4796
1.4774
1.4752
1.4729
1.4707
1.4685
1.4662
1.4640
1.4618
1.4596
1.4574
1.4553
1.4531
1.4509
1.4487
1.4466
1.4444
1.4423
1.4401
1.4380